[1]  501 1102  577  956  411 1028  725  600
  [,1]
1 2014
2 2015
3 2011
4 2010
5 2017
6 2012
7 2016
8 2013
[1] 0 0 0 0 0 0 0 0
   
      1   2   3   4   5   6   7   8   9  10  11  12  13  14
  1   0   0   0   0   0   0   0 501   0   0   0   0   0   0
  2   0   0   0   0   0   0   0   0 704 318  80   0   0   0
  3   0   0 327 250   0   0   0   0   0   0   0   0   0   0
  4 601 355   0   0   0   0   0   0   0   0   0   0   0   0
  5   0   0   0   0   0   0   0   0   0   0   0   0   0 411
  6   0   0   0   0 647 381   0   0   0   0   0   0   0   0
  7   0   0   0   0   0   0   0   0   0   0   0 485 240   0
  8   0   0   0   0   0   0 600   0   0   0   0   0   0   0
