[1] 2014 3886
  [,1]
1    2
2    1
[1] 0 0
   
      1   2   3   4   5   6   7   8   9  10  11  12  13  14  15  16  17  18  19
  1  32 140  49   8  14  47  19  47  78  26   9  45  22  17   7  44  35  11  17
  2  43 194  99  18  20  42  35 109 147  88  10  95  37  84   7 120 113  21  50
   
     20  21  22  23  24  25  26  27  28  29  30  31  32  33  34  35  36  37  38
  1   6  46  73  58  14  88 122  41  18  13  62  72  44  14   4  38  60  22  13
  2   4  70 122 111  18 240 188  71  26  34 107 167  73  34   8  66  85  36  10
   
     39  40  41  42  43  44  45  46  47  48  49  50  51  52  53  54  55  56  63
  1  28   3  62  71  15   4  11  11  43  11  36   2  14  62  60  18  45  18   2
  2  46   6  98 156  17  12  12  13  84  16  63   4  44 134 137  36 109  52   3
   
     64  66  67  68
  1   4   2  12   5
  2   6   2  24  10
