1.557 2.923 2.091 2.330 3.249 
0.477 4.666 6.502 4.222 5.557 
2.026 6.819 5.479 0.979 0.748 
2.981 2.120 1.325 2.948 1.567 
2.144 0.905 2.257 4.470 6.000 
4.487 4.536 0.141 5.733 6.233 
0.908 6.860 3.057 2.847 6.219 
3.736 0.218 4.372 6.501 1.674 
4.972 2.623 5.559 6.018 3.533 
0.720 0.241 4.089 5.832 0.691 
4.517 2.340 4.928 3.602 0.938 
1.343 3.921 3.209 2.584 3.331 
1.202 6.571 6.082 3.509 3.391 
6.611 4.798 3.859 5.806 3.095 
3.792 0.649 2.801 3.980 2.628 
5.375 2.825 5.620 6.639 1.342 
5.538 2.791 4.734 0.622 6.834 
5.996 