3.011 5.785 3.665 5.316 5.808 
5.055 4.965 3.820 3.885 3.627 
2.122 5.898 4.504 6.726 3.418 
1.832 6.419 4.280 5.512 3.326 
2.483 2.836 6.437 2.253 2.150 
3.816 5.584 4.467 2.791 3.304 
5.096 5.356 3.785 1.543 6.125 
4.832 4.295 1.334 2.375 6.441 
6.694 1.531 6.384 2.283 2.553 
6.806 2.965 2.426 5.152 5.884 
3.259 2.500 3.430 5.429 3.826 
2.176 3.331 5.766 6.222 4.185 
1.466 5.639 3.487 4.596 3.043 
6.172 4.997 6.026 6.992 5.246 
6.102 4.464 4.230 6.452 3.996 
5.410 1.999 3.834 2.258 2.013 
6.211 2.585 3.493 6.882 4.752 
6.907 4.525 