5.459 4.444 7.002 7.595 5.587 
3.605 4.652 7.939 8.601 0.649 
0.597 2.879 3.442 3.169 3.800 
5.297 7.160 7.951 5.101 4.085 
3.840 5.442 0.056 6.873 2.687 
6.740 4.227 5.422 8.090 4.663 
6.214 7.763 9.462 5.463 8.766 
6.126 3.688 2.755 3.257 4.745 
7.972 0.197 7.871 6.581 5.919 
4.526 4.772 3.035 4.639 5.466 
6.604 5.711 5.711 4.111 7.613 
4.295 7.796 6.314 9.716 9.608 
3.732 2.667 8.816 5.895 9.910 
1.621 1.693 1.417 0.745 7.318 
8.765 1.411 6.064 8.682 3.044 
2.466 4.209 1.353 0.601 2.394 
8.682 9.016 2.837 4.651 1.129 
5.671 5.891 1.370 8.501 5.445 
7.489 4.070 7.161 1.470 6.540 
6.103 1.804 0.411 5.808 5.903 
1.957 4.202 2.954 5.098 3.894 
5.548 0.278 0.546 0.776 8.762 
8.457 4.362 8.820 2.498 4.603 
0.994 2.326 5.934 9.952 5.413 
5.352 4.986 7.490 1.475 2.871 
0.089 4.837 4.532 9.211 2.138 
2.693 7.330 6.585 8.127 4.168 
3.278 1.544 3.054 5.299 6.146 
2.145 9.674 2.073 0.242 3.651 
2.624 4.269 0.144 5.590 8.527 
1.419 4.053 7.961 8.601 1.226 
9.806 9.421 5.352 5.722 7.640 
5.257 9.920 5.496 8.757 7.950 
1.623 7.310 3.739 8.156 6.272 
5.393 9.905 8.905 4.823 1.745 
1.646 0.834 8.919 5.762 2.817 
1.277 4.888 8.479 5.233 5.002 
2.767 1.766 2.354 9.429 1.900 
7.770 2.197 2.132 9.687 8.927 
8.556 3.438 5.035 3.849 4.577 
1.936 3.084 9.411 7.770 5.706 
2.758 4.331 0.501 7.090 3.718 
4.573 5.038 3.804 4.266 5.879 
7.207 4.212 6.774 3.741 7.727 
9.577 2.186 6.122 5.286 1.089 
0.181 9.257 0.410 4.497 6.520 
1.814 4.203 0.151 4.186 7.766 
1.005 1.262 9.838 3.250 9.047 
8.202 2.170 7.755 8.150 1.648 
3.725 4.932 8.541 2.390 2.723 
3.344 9.843 0.610 6.478 2.479 
4.301 2.442 2.958 4.320 3.317 
6.637 2.047 5.797 1.341 9.133 
3.087 2.432 6.184 8.349 0.236 
8.486 9.833 9.016 2.239 3.925 
8.805 7.352 8.141 3.509 8.116 
5.399 5.530 8.332 7.931 7.336 
2.853 5.106 6.950 