3.785 2.193 2.757 1.793 5.716 
3.699 4.477 3.513 3.137 4.053 
4.474 3.597 2.903 3.968 4.292 
3.862 2.721 3.348 2.630 5.484 
4.760 1.100 4.024 3.561 5.081 
2.460 5.012 4.269 5.312 4.601 
5.414 1.626 5.456 3.821 4.900 
3.419 4.257 5.084 2.500 3.303 
1.015 2.189 4.206 3.618 5.266 
4.368 1.326 5.948 3.225 2.564 
4.750 3.958 2.408 1.203 2.774 
5.533 3.333 3.718 2.651 3.759 
4.702 2.615 3.517 3.771 5.985 
2.362 5.848 5.003 3.792 5.881 
5.108 5.871 5.960 2.925 4.744 
5.410 4.746 1.123 1.181 3.919 
3.037 2.967 5.975 2.121 4.987 
4.534 2.784 5.882 4.981 4.214 
4.305 1.019 1.337 2.226 1.839 
5.231 3.655 4.217 2.645 1.670 
5.200 4.700 2.723 1.203 4.262 
3.639 5.201 2.886 5.856 1.943 
1.972 4.676 2.705 4.163 3.737 
3.923 1.890 4.157 1.116 4.671 
1.079 2.030 1.976 1.291 5.745 
3.099 2.637 5.486 1.279 2.195 
3.114 1.197 1.393 4.056 4.046 
4.443 1.741 3.116 5.470 2.615 
5.139 3.448 5.097 5.275 2.309 
2.164 1.251 5.973 4.546 2.041 
3.114 2.124 2.216 1.654 3.449 
2.471 5.486 3.803 1.447 4.170 
1.202 5.511 5.859 4.022 2.314 
5.373 1.061 5.890 3.752 1.549 
1.226 3.822 1.172 1.159 5.236 
2.930 1.459 4.388 2.512 2.534 
1.413 4.061 2.401 3.615 3.510 
3.982 2.290 5.111 5.150 1.816 
2.092 1.075 5.301 4.786 5.267 
3.236 4.936 3.978 4.034 5.998 
5.179 5.535 3.926 3.387 4.561 
4.508 5.349 5.010 4.297 4.659 
2.296 5.526 2.979 4.997 5.883 
4.680 4.610 1.315 2.846 2.422 
1.360 3.522 1.670 1.148 4.984 
2.049 1.505 4.588 3.265 4.107 
1.510 5.379 5.435 3.079 5.807 
5.847 2.944 1.829 1.676 4.040 
4.496 3.209 1.162 4.526 1.767 
3.540 3.747 1.007 4.697 2.360 
5.245 5.269 2.771 4.208 5.565 
4.494 1.188 5.732 5.521 1.482 
3.336 3.899 5.317 4.801 3.469 
3.590 4.889 3.398 5.990 5.367 
3.741 2.703 5.260 1.674 5.448 
1.766 2.327 2.281 4.461 3.443 
2.484 2.230 5.396 2.173 5.065 
3.071 2.439 1.371 4.384 