0.451 0.633 0.348 0.576 0.369
0.585 0.430 0.575 0.660 0.402
0.439 0.347 0.453 0.549 0.481
0.384 0.541 0.586 0.382 0.608
0.440 0.652 0.458 0.640 0.571
0.382 0.367 0.523 0.450 0.458
0.660 0.335 0.508 0.449 0.624
0.632 0.464 0.351 0.431 0.435
0.461 0.359 0.443 0.385 0.641
0.535 0.446 0.425 0.652 0.511
0.634 0.336 0.568 0.501 0.592
0.538 0.369 0.398 0.429 0.548
0.642 0.572 0.506 0.596 0.347
0.496 0.605 0.553 0.533 0.501
0.568 0.501 0.574 0.521 0.653
0.559 0.428 0.559 0.571 0.466
0.583 0.472 0.602 0.417 0.503
0.607 0.367 0.513 0.402 0.369
0.510 0.562 0.490 0.399 0.553
0.519 0.397 0.633 0.375 0.575
0.627 0.461 0.657 0.482 0.664
0.476 0.647 0.437 0.343 0.617
0.375 0.463 0.379 0.448 0.609
0.620 0.480 0.348 0.513 0.381
0.596 0.659 0.632 0.569 0.563
0.549 0.335 0.604 0.403 0.665
0.405 0.576 0.420 0.369 0.458
0.358 0.426 0.359 0.638 0.421
0.505 0.537 0.528 0.397 0.419
0.363 0.527 0.606 0.379 0.355
0.623 0.441 0.434 0.432 0.621
0.414 0.547 0.601 0.462 0.345
0.480 0.524 0.561 0.433 0.600
0.347 0.536 0.665 0.654 0.553
0.500 0.611 0.360 0.443 0.393
0.406 0.498 0.643 0.492 0.659
0.479 0.497 0.377 0.470 0.391
0.403 0.510 0.364 0.359 0.609
0.537 0.411 0.565 0.537 0.534
0.457 0.339 0.528 0.519 0.520
0.388 0.476 0.547 0.439 0.514
0.637 0.650 0.336 0.335 0.519
0.374 0.498 0.648 0.616 0.527
0.457 0.464 0.663 0.360 0.440
0.351 0.363 0.491 0.571 0.637
0.440 0.342 0.584 0.511 0.500
0.458 0.409 0.480 0.455 0.398
0.373 0.637 0.559 0.663 0.381
0.489 0.425 0.657 0.510 0.597
0.344 0.615 0.432 0.440 0.593
0.500 0.507 0.593 0.385 0.656
0.371 0.338 0.480 0.593 0.643
0.338 0.497 0.592 0.380 0.577
0.340 0.585 0.379 0.458 0.506
0.609 0.464 0.365 0.465 0.405
0.390 0.569 0.337 0.455 0.368
0.589 0.525 0.509 0.433 0.574
0.361 0.603 0.562 0.355 0.594
0.491 0.380 0.439 0.345 0.534
0.663 0.518 0.547 0.587 0.460
0.504 0.426 0.347 0.377 0.629
0.643 0.651 0.542 0.429 0.596
0.358 0.507 0.441 0.487 0.624
0.345 0.653 0.637 0.387 0.614
0.545 0.346 0.593 0.560 0.637
0.485 0.538 0.364 0.483 0.508
0.605 0.615 0.598 0.464 0.375
0.663 0.384 0.501 0.522 0.557
0.512 0.532 0.445 0.433 0.636
0.365 0.561 0.626 0.592 0.483
0.542 0.638 0.483 0.604 0.651
0.491 0.514 0.420 0.520 0.583
0.560 0.539 0.427 0.550 0.431
0.597 0.539 0.589 0.417 0.511
0.460 0.443 0.556 0.452 0.370
0.560 0.537 0.479 0.414 0.336
0.509 0.427 0.501 0.399 0.421
0.644 0.540 0.626 0.382 0.571
0.493 0.609 0.394 0.466 0.370
0.469 0.556 0.344 0.481 0.526
0.538 0.549 0.523 0.604 0.379
0.461 0.465 0.373 0.585 0.585
0.649 0.373 0.576 0.345 0.424
0.413 0.665 0.665 0.596 0.584
0.339 0.554 0.416 0.539 0.581
0.657 0.647 0.613 0.462 0.565
0.523 0.425 0.666 0.452 0.432
0.569 0.644 0.444 0.635 0.421
0.406 0.612 0.504 0.397 0.474
0.634 0.445 0.453 0.374 0.387
0.374 0.590 0.407 0.542 0.466
0.638 0.490 0.478 0.477 0.557
0.403 0.340 0.612 0.366 0.666
0.660 0.370 0.471 0.370 0.472
0.666 0.383 0.335 0.494 0.477
0.491 0.590 0.466 0.338 0.478
0.431 0.401 0.491 0.662 0.420
0.374 0.388 0.458 0.491 0.494
0.612 0.581 0.637 0.602 0.367
0.524 0.601 0.607 0.536 0.614
0.533 0.616 0.621 0.566 0.356
0.416 0.562 0.580 0.635 0.462
0.597 0.646 0.411 0.601 0.552
0.548 0.664 0.413 0.597 0.369
0.606 0.424 0.620 0.465 0.421
0.514 0.533 0.561 0.400 0.526
0.442 0.445 0.407 0.516 0.648
0.472 0.459 0.476 0.572 0.601
0.348 0.445 0.601 0.406 0.623
0.368 0.489 0.414 0.594 0.488
0.365 0.504 0.571 0.513 0.577
0.364 0.419 0.604 0.518 0.425
0.614 0.346 0.629 0.625 0.665
0.367 0.542 0.458 0.417 0.428
0.544 0.414 0.608 0.616 0.528
0.341 0.568 0.502 0.651 0.617
0.646 0.592 0.420 0.463 0.655
0.648 0.516 0.429 0.529 0.642
0.353 0.567 0.585 0.658 0.468
0.502 0.560 0.652 0.386 0.477
0.636 0.510 0.553 0.476 0.641
0.472 0.353 0.432 0.489 0.570
0.651 0.555 0.452 0.654 0.633
0.420 0.558 0.565 0.619 0.523
0.458 0.604 0.394 0.582 0.364
0.447 0.376 0.346 0.515 0.628
0.613 0.561 0.437 0.359 0.626
0.585 0.633 0.481 0.595 0.399
0.664 0.340 0.621 0.610 0.484
0.401 0.452 0.664 0.392 0.467
0.498 0.340 0.380 0.388 0.448
0.590 0.381 0.561 0.450 0.656
0.478 0.559 0.486 0.404 0.407
0.337 0.386 0.384 0.433 0.504
0.483 0.463 0.447 0.631 0.549
0.501 0.438 0.633 0.425 0.539
0.413 0.395 0.560 0.617 0.348
0.611 0.644 0.374 0.531 0.604
0.514 0.560 0.346 0.371 0.650
0.345 0.509 0.611 0.464 0.610
0.337 0.632 0.537 0.524 0.402
0.577 0.381 0.385 0.374 0.582
0.460 0.480 0.505 0.347 0.446
0.426 0.451 0.486 0.391 0.599
0.348 0.577 0.590 0.628 0.480
0.382 0.451 0.443 0.605 0.646
0.647 0.428 0.622 0.443 0.562
0.421 0.508 0.643 0.519 0.384
0.604 0.357 0.519 0.460 0.410
0.483 0.565 0.546 0.390 0.458
0.412 0.447 0.583 0.604 0.445
0.432 0.638 0.457 0.658 0.634
0.396 0.453 0.451 0.516 0.494
0.342 0.400 0.609 0.458 0.394
0.417 0.518 0.666 0.471 0.382
0.522 0.378 0.413 0.373 0.593
0.472 0.580 0.542 0.337 0.547
0.401 0.556 0.530 0.650 0.573
0.607 0.638 0.447 0.580 0.445
0.562 0.462 0.647 0.426 0.588
0.370 0.341 0.590 0.395 0.375
0.446 0.498 0.393 0.564 0.563
0.399 0.558 0.350 0.645 0.593
0.393 0.529 0.507 0.496 0.524
0.517 0.474 0.430 0.615 0.626
0.528 0.649 0.518 0.448 0.431
0.464 0.411 0.579 0.542 0.370
0.648 0.632 0.514 0.590 0.516
0.515 0.631 0.361 0.436 0.519
0.401 0.647 0.663 0.630 0.585
0.401 0.541 0.594 0.403 0.361
0.571 0.629 0.578 0.357 0.597
0.662 0.440 0.448 0.614 0.516
0.615 0.415 0.458 0.641 0.384
0.339 0.501 0.394 0.458 0.357
0.599 0.555 0.514 0.429 0.425
0.353 0.486 0.515 0.465 0.515
0.587 0.470 0.516 0.587 0.368
0.377 0.359 0.546 0.437 0.506
0.560 0.337 0.509 0.632 0.488
0.552 0.441 0.485 0.651 0.638
0.646 0.481 0.586 0.442 0.614
0.427 0.566 0.601 0.385 0.496
0.580 0.541 0.473 0.463 0.369
0.420 0.557 0.348 0.546 0.479
0.620 0.457 0.531 0.635 0.349
0.523 0.576 0.515 0.358 0.347
0.582 0.347 0.595 0.519 0.650
0.650 0.427 0.436 0.391 0.437
0.340 0.461 0.635 0.659 0.377
0.588 0.614 0.617 0.568 0.478
0.660 0.560 0.464 0.390 0.574
0.564 0.372 0.606 0.501 0.482
0.446 0.422 0.583 0.442 0.627
0.392 0.379 0.625 0.657 0.508
0.503 0.577 0.603 0.455 0.654
0.428 0.554 0.600 0.379 0.420
0.418 0.366 0.636 0.475 0.640
0.334 0.428 0.387 0.606 0.591
0.508 0.431 0.441 0.409 0.405
0.558 0.515 0.352 0.409 0.365
0.612 0.665 0.446 0.655 0.338
0.334 0.503 0.573 0.351 0.496
0.583 0.436 0.631 0.572 0.589
0.449 0.358 0.664 0.532 0.437
0.638 0.636 0.577 0.340 0.358
0.638 0.450 0.361 0.446 0.597
0.544 0.412 0.589 0.347 0.415
0.548 0.433 0.396 0.532 0.334
0.436 0.654 0.517 0.658 0.561
0.604 0.650 0.614 0.450 0.607
0.459 0.494 0.465 0.359 0.446
0.570 0.434 0.594 0.393 0.614
0.383 0.630 0.634 0.599 0.336
0.626 0.400 0.469 0.392 0.434
0.642 0.563 0.456 0.397 0.498
0.571 0.478 0.657 0.546 0.457
0.549 0.485 0.420 0.580 0.421
0.594 0.379 0.340 0.490 0.513
0.544 0.658 0.523 0.373 0.536
0.537 0.599 0.491 0.401 0.470
0.638 0.533 0.426 0.569 0.435
0.634 0.608 0.346 0.390 0.429
0.604 0.356 0.339 0.379 0.527
0.504 0.534 0.566 0.357 0.617
0.374 0.406 0.632 0.645 0.498
0.364 0.484 0.525 0.419 0.554
0.395 0.355 0.573 0.622 0.403
0.384 0.590 0.586 0.519 0.446
0.625 0.365 0.500 0.532 0.565
0.546 0.471 0.487 0.618 0.483
0.350 0.415 0.484 0.494 0.664
0.519 0.664 0.365 0.554 0.546
0.515 0.507 0.394 0.360 0.389
0.440 0.663 0.440 0.571 0.598
0.398 0.648 0.493 0.638 0.425
0.414 0.450 0.583 0.618 0.545
0.461 0.541 0.665 0.525 0.381
0.387 0.546 0.418 0.469 0.395
0.533 0.340 0.410 0.663 0.577
0.562 0.619 0.582 0.595 0.666
0.440 0.368 0.565 0.483 0.362
0.556 0.338 0.426 0.538 0.340
0.516 0.614 0.420 0.354 0.393
0.645 0.482 0.360 0.448 0.483
0.576 0.509 0.548 0.564 0.649
0.575 0.510 0.390 0.449 0.639
0.367 0.337 0.411 0.584 0.563
0.431 0.487 0.385 0.629 0.518
0.617 0.583 0.489 0.428 0.442
0.460 0.588 0.608 0.500 0.368
0.579 0.431 0.395 0.657 0.443
0.366 0.428 0.412 0.447 0.540
0.443 0.410 0.491 0.336 0.664
0.658 0.655 0.524 0.592 0.581
0.539 0.454 0.386 0.414 0.653
0.478 0.492 0.576 0.546 0.351
0.641 0.481 0.393 0.531 0.377
0.632 0.565 0.382 0.642 0.413
0.385 0.647 0.346 0.535 0.467
0.500 0.581 0.533 0.388 0.368
0.526 0.448 0.661 0.508 0.549
0.428 0.336 0.396 0.403 0.612
0.486 0.636 0.544 0.402 0.532
0.341 0.375 0.433 0.646 0.474
0.345 0.428 0.532 0.369 0.648
0.547 0.511 0.385 0.400 0.575
0.590 0.590 0.347 0.539 0.520
0.586 0.652 0.635 0.596 0.412
0.478 0.423 0.661 0.522 0.643
0.407 0.528 0.518 0.439 0.375
0.423 0.557 0.637 0.539 0.525
0.558 0.551 0.336 0.372 0.444
0.610 0.554 0.441 0.357 0.480
0.481 0.576 0.426 0.337 0.451
0.476 0.564 0.504 0.655 0.539
0.590 0.607 0.357 0.580 0.390
0.348 0.618 0.351 0.510 0.624
0.435 0.400 0.515 0.367 0.367
0.558 0.625 0.442 0.365 0.629
0.649 0.629 0.541 0.643 0.544
0.350 0.450 0.351 0.662 0.517
0.336 0.413 0.575 0.536 0.471
0.423 0.597 0.564 0.451 0.390
0.501 0.463 0.532 0.644 0.654
0.654 0.649 0.653 0.385 0.436
0.513 0.588 0.620 0.442 0.615
0.383 0.610 0.629 0.525 0.355
0.666 0.653 0.547 0.420 0.429
0.571 0.507 0.609 0.498 0.607
0.647 0.553 0.394 0.499 0.514
0.666 0.595 0.442 0.444 0.372
0.451 0.421 0.665 0.494 0.367
0.586 0.633 0.563 0.558 0.476
0.474 0.558 0.480 0.415 0.519
0.645 0.451 0.584 0.372 0.537
0.647 0.498 0.580 0.528 0.577
0.472 0.624 0.346 0.661 0.542
0.408 0.382 0.335 0.589 0.632
0.666 0.460 0.577 0.378 0.384
0.458 0.480 0.660 0.561 0.494
0.351 0.469 0.642 0.514 0.621
0.463 0.567 0.361 0.642 0.419
0.384 0.539 0.484 0.365 0.341
0.469 0.601 0.471 0.529 0.598
0.643 0.427 0.390 0.543 0.358
0.393 0.567 0.465 0.519 0.426
0.504 0.551 0.493 0.530 0.375
0.370 0.434 0.445 0.557 0.367
0.437 0.409 0.368 0.526 0.383
0.629 0.466 0.595 0.578 0.469
0.480 0.528 0.365 0.411 0.495
0.360 0.628 0.629 0.522 0.518
0.521 0.595 0.498 0.651 0.534
0.422 0.568 0.369 0.417 0.430
0.470 0.537 0.651 0.562 0.446
0.619 0.553 0.564 0.503 0.666
0.635 0.529 0.460 0.573 0.604
0.516 0.340 0.530 0.586 0.523
0.591 0.462 0.634 0.382 0.465
0.419 0.429 0.544 0.479 0.599
0.637 0.582 0.412 0.368 0.540
0.441 0.592 0.559 0.467 0.535
0.413 0.523 0.442 0.533 0.391
0.516 0.337 0.558 0.555 0.403
0.429 0.481 0.391 0.581 0.478
0.392 0.399 0.646 0.414 0.485
0.420 0.441 0.608 0.469 0.411
0.548 0.382 0.353 0.498 0.658
0.646 0.493 0.646 0.479 0.572
0.340 0.460 0.411 0.497 0.632
0.533 0.666 0.591 0.446 0.556
0.544 0.490 0.371 0.382 0.584
0.434 0.611 0.362 0.539 0.486
0.495 0.616 0.604 0.438 0.630
0.369 0.455 0.380 0.432 0.518
0.653 0.640 0.411 0.427 0.593
0.531 0.584 0.664 0.370 0.413
0.561 0.578 0.445 0.342 0.365
0.336 0.657 0.662 0.410 0.623
0.526 0.341 0.424 0.577 0.635
0.645 0.654 0.461 0.460 0.517
0.599 0.354 0.392 0.527 0.533
0.359 0.440 0.393 0.576 0.667
0.367 0.548 0.561 0.384 0.585
0.446 0.638 0.541 0.591 0.430
0.583 0.639 0.489 0.525 0.642
0.610 0.461 0.413 0.641 0.374
0.648 0.348 0.441 0.371 0.436
0.355 0.613 0.442 0.557 0.605
0.392 0.653 0.502 0.459 0.606
0.342 0.340 0.549 0.336 0.561
0.623 0.580 0.550 0.485 0.532
0.438 0.516 0.583 0.520 0.488
0.499 0.430 0.366 0.573 0.655
0.647 0.507 0.541 0.567 0.542
0.369 0.414 0.504 0.626 0.552
0.664 0.508 0.340 0.444 0.395
0.568 0.583 0.462 0.562 0.377
0.479 0.407 0.398 0.489 0.442
0.520 0.574 0.443 0.459 0.661
0.341 0.636 0.506 0.648 0.613
0.613 0.517 0.470 0.358 0.542
0.379 0.588 0.399 0.390 0.623
0.356 0.490 0.568 0.520 0.337
0.615 0.451 0.537 0.572 0.574
0.603 0.493 0.501 0.373 0.357
0.349 0.353 0.390 0.354 0.656
0.638 0.426 0.661 0.617 0.387
0.581 0.527 0.491 0.407 0.359
0.425 0.374 0.382 0.604 0.613
0.513 0.453 0.372 0.568 0.612
0.665 0.355 0.433 0.439 0.652
0.367 0.570 0.664 0.529 0.584
0.643 0.405 0.495 0.472 0.440
0.628 0.422 0.574 0.509 0.398
0.398 0.531 0.650 0.386 0.535
0.358 0.352 0.529 0.540 0.534
0.447 0.545 0.390 0.453 0.440
0.489 0.544 0.358 0.390 0.358
0.454 0.552 0.570 0.634 0.402
0.608 0.385 0.433 0.587 0.653
0.633 0.550 0.475 0.437 0.544
0.470 0.495 0.564 0.555 0.375
0.480 0.645 0.647 0.341 0.485
0.432 0.403 0.559 0.443 0.420
0.380 0.564 0.560 0.398 0.563
0.511 0.367 0.523 0.605 0.661
0.616 0.533 0.612 0.649 0.440
0.462 0.345 0.632 0.634 0.651
0.608 0.451 0.351 0.601 0.585
0.520 0.453 0.652 0.607 0.552
0.377 0.602 0.386 0.470 0.525
0.498 0.614 0.633 0.651 0.638
0.592 0.416 0.395 0.642 0.619
0.641 0.419 0.600 0.453 0.649
0.473 0.497 0.431 0.601 0.552
0.586 0.617 0.556 0.358 0.626
0.446 0.392 0.620 0.384 0.652
0.611 0.430 0.383 0.570 0.573
0.599 0.406 0.363 0.423 0.473
0.522 0.604 0.455 0.388 0.617
0.586 0.408 0.548 0.357 0.473
0.370 0.355 0.422 0.555 0.396
0.385 0.466 0.436 0.471 0.586
0.544 0.346 0.577 0.336 0.365
0.502 0.517 0.562 0.372 0.337
0.588 0.662 0.651 0.346 0.495
0.447 0.626 0.351 0.652 0.359
0.532 0.461 0.351 0.526 0.663
0.586 0.404 0.475 0.406 0.658
0.512 0.481 0.448 0.509 0.475
0.609 0.589 0.500 0.652 0.567
0.650 0.639 0.650 0.382 0.342
0.604 0.544 0.510 0.419 0.562
0.484 0.409 0.459 0.563 0.608
0.371 0.453 0.616 0.373 0.385
0.416 0.604 0.521 0.370 0.415
0.415 0.466 0.664 0.495 0.542
0.634 0.400 0.476 0.480 0.571
0.426 0.393 0.338 0.419 0.410
0.542 0.647 0.615 0.647 0.551
0.640 0.525 0.535 0.450 0.361
0.638 0.487 0.557 0.446 0.481
0.654 0.510 0.349 0.394 0.456
0.365 0.450 0.471 0.447 0.519
0.623 0.353 0.469 0.490 0.355
0.382 0.427 0.462 0.467 0.365
0.343 0.449 0.570 0.397 0.539
0.515 0.521 0.593 0.661 0.428
0.393 0.472 0.641 0.411 0.473
0.492 0.388 0.619 0.597 0.497
0.609 0.606 0.604 0.600 0.336
0.359 0.370 0.629 0.557 0.472
0.552 0.412 0.368 0.364 0.334
0.440 0.416 0.473 0.375 0.629
0.598 0.358 0.452 0.531 0.524
0.362 0.436 0.510 0.642 0.531
0.366 0.420 0.641 0.524 0.362
0.494 0.349 0.666 0.483 0.527
0.540 0.359 0.425 0.630 0.564
0.501 0.515 0.555 0.416 0.633
0.449 0.488 0.521 0.345 0.619
0.603 0.449 0.542 0.400 0.590
0.582 0.359 0.348 0.460 0.573
0.586 0.619 0.531 0.419 0.335
0.402 0.606 0.630 0.478 0.338
0.334 0.526 0.557 0.541 0.504
0.471 0.385 0.614 0.369 0.659
0.422 0.478 0.570 0.661 0.524
0.494 0.554 0.584 0.559 0.641
0.569 0.541 0.596 0.353 0.661
0.562 0.617 0.426 0.631 0.458
0.584 0.423 0.616 0.469 0.652
0.352 0.502 0.404 0.549 0.592
0.450 0.467 0.431 0.557 0.372
0.406 0.472 0.665 0.619 0.609
0.413 0.549 0.397 0.379 0.582
0.344 0.522 0.498 0.574 0.501
0.429 0.630 0.406 0.600 0.430
0.517 0.663 0.482 0.565 0.559
0.477 0.545 0.489 0.596 0.547
0.422 0.530 0.578 0.432 0.635
0.518 0.532 0.414 0.374 0.346
0.618 0.599 0.474 0.417 0.660
0.649 0.362 0.457 0.425 0.647
0.563 0.424 0.399 0.645 0.553
0.600 0.511 0.565 0.421 0.515
0.620 0.557 0.537 0.435 0.451
0.364 0.588 0.374 0.549 0.393
0.624 0.374 0.575 0.618 0.444
0.376 0.627 0.646 0.434 0.460
0.567 0.393 0.517 0.521 0.565
0.343 0.527 0.585 0.526 0.523
0.375 0.599 0.503 0.551 0.528
0.375 0.494 0.604 0.620 0.664
0.335 0.401 0.631 0.544 0.520
0.506 0.574 0.638 0.637 0.469
0.466 0.549 0.414 0.609 0.664
0.594 0.394 0.438 0.370 0.495
0.442 0.387 0.611 0.371 0.487
0.369 0.536 0.651 0.607 0.391
0.601 0.590 0.624 0.339 0.595
0.663 0.598 0.412 0.353 0.547
0.515 0.607 0.600 0.350 0.566
0.382 0.443 0.541 0.472 0.562
0.463 0.649 0.628 0.621 0.644
0.631 0.400 0.456 0.653 0.443
0.429 0.493 0.452 0.540 0.530
0.339 0.371 0.334 0.496 0.578
0.403 0.528 0.355 0.366 0.508
0.583 0.553 0.587 0.516 0.456
0.629 0.381 0.435 0.466 0.362
0.634 0.635 0.365 0.378 0.474
0.439 0.425 0.410 0.576 0.509
0.628 0.627 0.561 0.342 0.422
0.532 0.560 0.533 0.488 0.617
0.519 0.621 0.382 0.616 0.628
0.504 0.546 0.387 0.435 0.412
0.647 0.627 0.374 0.489 0.519
0.666 0.661 0.525 0.462 0.624
0.659 0.635 0.654 0.439 0.407
0.374 0.610 0.491 0.538 0.535
0.626 0.639 0.380 0.442 0.373
0.554 0.603 0.477 0.466 0.500
0.394 0.345 0.432 0.655 0.351
0.358 0.519 0.511 0.609 0.632
0.391 0.335 0.644 0.416 0.479
0.349 0.483 0.525 0.365 0.541
0.375 0.403 0.662 0.567 0.617
0.601 0.488 0.338 0.546 0.523
0.398 0.563 0.399 0.429 0.612
0.553 0.397 0.568 0.541 0.461
0.455 0.337 0.554 0.645 0.613
0.437 0.484 0.595 0.650 0.500
0.661 0.573 0.419 0.633 0.485
0.370 0.488 0.337 0.549 0.469
0.424 0.402 0.555 0.388 0.479
0.596 0.627 0.351 0.518 0.628
0.536 0.429 0.491 0.596 0.415
0.558 0.523 0.650 0.444 0.339
0.485 0.520 0.444 0.622 0.400
0.602 0.548 0.601 0.493 0.388
0.584 0.411 0.550 0.615 0.432
0.449 0.395 0.430 0.402 0.460
0.494 0.653 0.664 0.488 0.525
0.341 0.585 0.467 0.663 0.481
0.488 0.501 0.497 0.618 0.521
0.362 0.402 0.373 0.349 0.578
0.442 0.636 0.570 0.456 0.407
0.563 0.471 0.420 0.560 0.504
0.616 0.554 0.560 0.541 0.481
0.433 0.656 0.503 0.610 0.381
0.526 0.362 0.475 0.662 0.420
0.339 0.526 0.370 0.586 0.575
0.657 0.649 0.606 0.502 0.587
0.661 0.567 0.446 0.477 0.455
0.377 0.451 0.373 0.526 0.506
0.561 0.550 0.419 0.469 0.442
0.502 0.576 0.424 0.341 0.450
0.393 0.598 0.533 0.642 0.454
0.666 0.372 0.496 0.537 0.617
0.418 0.394 0.537 0.344 0.585
0.454 0.559 0.663 0.472 0.633
0.537 0.525 0.366 0.455 0.344
0.641 0.473 0.347 0.660 0.530
0.448 0.523 0.664 0.447 0.559
0.402 0.407 0.466 0.509 0.537
0.436 0.455 0.393 0.420 0.493
0.546 0.494 0.523 0.373 0.487
0.575 0.391 0.474 0.482 0.412
0.575 0.658 0.637 0.459 0.348
0.389 0.659 0.469 0.489 0.667
0.337 0.577 0.573 0.514 0.560
0.449 0.582 0.525 0.515 0.653
0.499 0.358 0.635 0.365 0.585
0.371 0.425 0.578 0.598 0.497
0.593 0.471 0.605 0.588 0.488
0.503 0.596 0.566 0.479 0.479
0.544 0.395 0.553 0.585 0.462
0.469 0.665 0.588 0.455 0.567
0.426 0.370 0.363 0.652 0.636
0.643 0.407 0.479 0.567 0.524
0.512 0.334 0.528 0.553 0.495
0.434 0.645 0.381 0.607 0.354
0.459 0.454 0.402 0.635 0.344
0.541 0.634 0.375 0.449 0.553
0.652 0.585 0.617 0.471 0.550
0.615 0.471 0.340 0.456 0.444
0.605 0.507 0.453 0.657 0.590
0.584 0.471 0.632 0.594 0.394
0.602 0.344 0.572 0.629 0.512
0.373 0.388 0.572 0.378 0.504
0.417 0.588 0.402 0.628 