
	Sumário da Distribuição

Distribuição:	Beta         
Expressão:	0.29 + 0.42 * BETA(1.8, 1.8)
Erro quadrático:	0.002774

Test do Chi-Quadrado
  Número de intervalos	= 38
  Graus de liberdade 	= 35
  Teste Estatístico     	= 475
  P-value correspondente	< 0.005

Teste de Kolmogorov-Smirnov
  Teste Estatistico	= 0.0439
  P-value correspondente	< 0.01

	Sumário dos Dados

Número de Pontos de Dados	= 2878
Valor Min nos Dados       	= 0.333
Valor Max nos Dados       	= 0.667
Média da Amostra          	= 0.5
Desvio Padrão da Amostra       	= 0.0979

	Sumário do Histograma

Intervalo do Histograma    	= 0.29 to 0.71
Número de Intervalos	= 40


==================================================================
Int.   No. de               Probabilidade           Cumulativa      
No.    Pts. de Dados   x        Densidade               Distribuição    
------------------------------------------------------------------
                            Função de Dados         Função de Dados    
   0     0      0.300      0.000    0.00306      0.000    0.00306
   1     0      0.311      0.000    0.00749      0.000     0.0105
   2     0      0.322      0.000     0.0111      0.000     0.0216
   3     0      0.332      0.000     0.0142      0.000     0.0358
   4    76      0.343     0.0264     0.0170     0.0264     0.0529
   5   114      0.353     0.0396     0.0196     0.0660     0.0724
   6    85      0.364     0.0295     0.0219     0.0956     0.0943
   7    95      0.374     0.0330     0.0239      0.129      0.118
   8    82      0.385     0.0285     0.0258      0.157      0.144
   9    89      0.395     0.0309     0.0275      0.188      0.172
  10    90      0.406     0.0313     0.0291      0.219      0.201
  11   101      0.416     0.0351     0.0304      0.254      0.231
  12    99      0.427     0.0344     0.0316      0.289      0.263
  13    92      0.437     0.0320     0.0327      0.321      0.295
  14    70      0.448     0.0243     0.0335      0.345      0.329
  15   101      0.458     0.0351     0.0343      0.380      0.363
  16    69      0.469     0.0240     0.0349      0.404      0.398
  17   103      0.479     0.0358     0.0353      0.440      0.433
  18    86      0.490     0.0299     0.0356      0.470      0.469
  19    95      0.500     0.0330     0.0358      0.503      0.505
  20    84      0.511     0.0292     0.0358      0.532      0.541
  21    99      0.521     0.0344     0.0357      0.566      0.576
  22    79      0.531     0.0274     0.0354      0.594      0.612
  23    78      0.542     0.0271     0.0350      0.621      0.647
  24    92      0.552     0.0320     0.0344      0.653      0.681
  25    71      0.563     0.0247     0.0337      0.678      0.715
  26    96      0.573     0.0334     0.0328      0.711      0.747
  27    89      0.584     0.0309     0.0318      0.742      0.779
  28    79      0.594     0.0274     0.0306      0.769      0.810
  29    78      0.605     0.0271     0.0293      0.796      0.839
  30   110      0.615     0.0382     0.0278      0.835      0.867
  31   111      0.626     0.0386     0.0261      0.873      0.893
  32    87      0.636     0.0302     0.0242      0.903      0.917
  33    93      0.647     0.0323     0.0221      0.936      0.939
  34    93      0.657     0.0323     0.0198      0.968      0.959
  35    92      0.668     0.0320     0.0173       1.00      0.977
  36     0      0.678      0.000     0.0145       1.00      0.991
  37     0      0.689      0.000     0.0113       1.00       1.00
  38     0      0.699      0.000    0.00768       1.00       1.01
  39     0      0.710      0.000    0.00316       1.00       1.01


=================================================================


Arquivo de Dados: C:\Users\kikog\Documents\UFSM\6º Semestre\Modelagem e Simulação\TFinal\RandomNumbers\attendance_clients.txt


Função       Erro Quadrático
-----------------------
Beta           0.00277
Weibull        0.00486
Normal         0.00536
Gama          0.00544
Erlang         0.00575
Lognormal      0.00669
Uniforme        0.00676
Triangular     0.00784
Exponencial    0.0154
