[1]  577  501  600 1102  956  411 1028  725
  [,1]
1 2011
2 2014
3 2013
4 2015
5 2010
6 2017
7 2012
8 2016
[1] 0 0 0 0 0 0 0 0
   
      1   2   3   4   5   6   7   8   9  10  11  12  13  14
  1   0   0 327 250   0   0   0   0   0   0   0   0   0   0
  2   0   0   0   0   0   0   0 501   0   0   0   0   0   0
  3   0   0   0   0   0   0 600   0   0   0   0   0   0   0
  4   0   0   0   0   0   0   0   0 704 318  80   0   0   0
  5 601 355   0   0   0   0   0   0   0   0   0   0   0   0
  6   0   0   0   0   0   0   0   0   0   0   0   0   0 411
  7   0   0   0   0 647 381   0   0   0   0   0   0   0   0
  8   0   0   0   0   0   0   0   0   0   0   0 485 240   0
