0.907 0.587 0.168 0.935 0.089
0.335 0.450 0.852 0.016 0.774
0.960 0.625 0.945 0.479 0.405
0.673 0.641 0.907 0.624 0.113
0.255 0.848 0.031 0.876 0.007
0.788 0.792 0.381 0.676 0.056
0.447 0.848 0.658 0.239 0.242
0.458 0.019 0.223 0.565 0.464
0.788 0.420 0.536 0.053 0.475
0.168 0.979 0.229 0.655 0.035
0.705 0.228 0.284 0.790 0.294
0.027 0.335 0.075 0.326 0.306
0.202 0.411 0.331 0.820 0.324
0.027 0.540 0.517 0.415 0.131
0.915 0.904 0.725 0.691 0.829
0.074 0.768 0.464 0.166 0.562
0.053 0.025 0.631 0.673 0.441
0.804 0.500 0.214 0.880 0.675
0.089 0.635 0.452 0.499 0.781
0.412 0.848 0.099 0.519 0.152
0.615 0.568 0.306 0.277 0.793
0.453 0.403 0.376 0.826 0.350
0.574 0.228 0.980 0.635 0.980
0.313 0.820 0.616 0.021 0.097
0.719 0.160 0.739 0.745 0.762
0.933 0.172 0.977 0.849 0.772
0.400 0.661 0.314 0.311 0.896
0.413 0.846 0.950 0.179 0.902
0.048 0.422 0.708 0.758 0.576
0.722 0.421 0.022 0.337 0.923
0.303 0.823 0.925 0.444 0.903
0.553 0.102 0.674 0.774 0.142
0.820 0.461 0.385 0.171 0.050
0.873 0.196 0.464 0.394 0.798
0.213 0.481 0.272 0.415 0.524
0.323 0.305 0.305 0.055 0.387
0.336 0.981 0.987 0.764 0.451
0.905 0.078 0.271 0.251 0.674
0.438 0.598 0.588 0.863 0.126
0.463 0.939 0.212 0.325 0.762
0.619 0.227 0.733 0.714 0.075
0.975 0.251 0.648 0.534 0.866
0.017 0.648 0.452 0.438 0.293
0.488 0.274 0.749 0.792 0.418
0.223 0.780 0.536 0.147 0.019
0.383 0.448 0.037 0.660 0.692
0.507 0.918 0.644 0.573 0.418
0.103 0.319 0.686 0.451 0.179
0.361 0.907 0.311 0.898 0.719
0.428 0.637 0.988 0.789 0.630
0.009 0.081 0.930 0.880 0.146
0.983 0.965 0.821 0.313 0.440
0.694 0.295 0.823 0.177 0.044
0.025 0.933 0.441 0.954 0.343
0.331 0.497 0.696 0.754 0.914
0.528 0.933 0.901 0.515 0.160
0.446 0.517 0.788 0.416 0.117
0.307 0.497 0.238 0.474 0.297
0.045 0.832 0.803 0.088 0.212
0.018 0.619 0.615 0.708 0.443
0.060 0.474 0.309 0.983 0.590
0.616 0.114 0.924 0.259 0.213
0.623 0.530 0.647 0.816 0.190
0.415 0.527 0.482 0.650 0.772
0.245 0.433 0.797 0.811 0.771
0.927 0.724 0.010 0.406 0.461
0.971 0.628 0.148 0.122 0.828
0.731 0.813 0.889 0.110 0.413
0.095 0.964 0.238 0.232 0.882
0.732 0.432 0.912 0.324 0.819
0.442 0.208 0.326 0.786 0.273
0.481 0.387 0.425 0.017 0.909
0.948 0.263 0.035 0.458 0.705
0.859 0.414 0.719 0.682 0.710
0.852 0.458 0.178 0.081 0.839
0.238 0.125 0.892 0.300 0.838
0.770 0.871 0.671 0.227 0.074
0.527 0.695 0.777 0.680 0.161
0.111 0.018 0.809 0.041 0.821
0.713 0.998 0.068 0.998 0.218
0.144 0.765 0.140 0.105 0.951
0.160 0.987 0.829 0.474 0.213
0.802 0.735 0.145 0.733 0.539
0.108 0.356 0.370 0.023 0.031
0.404 0.142 0.390 0.782 0.344
0.135 0.648 0.136 0.113 0.467
0.471 0.458 0.100 0.344 0.963
0.683 0.166 0.050 0.449 0.329
0.042 0.017 0.076 0.513 0.920
0.687 0.332 0.513 0.006 0.757
0.429 0.800 0.777 0.517 0.847
0.646 0.709 0.444 0.265 0.306
0.262 0.879 0.506 0.547 0.990
0.646 0.101 0.742 0.748 0.688
0.574 0.079 0.098 0.401 0.547
0.459 0.181 0.105 0.370 0.534
0.523 0.284 0.010 0.933 0.459
0.537 0.593 0.155 0.135 0.918
0.126 0.781 0.324 0.261 0.611
0.631 0.617 0.335 0.965 0.259
0.906 0.192 0.919 0.666 0.462
0.855 0.337 0.493 0.301 0.595
0.186 0.978 0.034 0.384 0.764
0.893 0.797 0.766 0.603 0.309
0.441 0.304 0.932 0.473 0.645
0.974 0.455 0.313 0.227 0.347
0.691 0.075 0.493 0.190 0.127
0.401 0.143 0.131 0.917 0.682
0.863 0.404 0.968 0.907 0.490
0.259 0.803 0.326 0.302 0.547
0.716 0.160 0.799 0.139 0.405
0.291 0.088 0.311 0.419 0.314
0.841 0.943 0.490 0.600 0.614
0.414 0.050 0.045 0.232 0.362
0.020 0.994 0.832 0.066 0.249
0.434 0.124 0.057 0.831 0.888
0.389 0.708 0.892 0.671 0.754
0.991 0.325 0.017 0.328 0.272
0.419 0.394 0.832 0.018 0.235
0.753 0.488 0.532 0.126 0.785
0.043 0.425 0.794 0.310 0.979
0.301 0.841 0.753 0.156 0.306
0.858 0.312 0.359 0.530 0.705
0.814 0.489 0.953 0.811 0.443
0.400 0.585 0.965 0.511 0.753
0.652 0.313 0.160 0.561 0.239
0.006 0.469 0.508 0.565 0.211
0.681 0.555 0.163 0.030 0.440
0.743 0.593 0.168 0.731 0.640
0.954 0.100 0.927 0.341 0.389
0.852 0.757 0.499 0.981 0.474
0.237 0.419 0.921 0.717 0.602
0.859 0.590 0.429 0.073 0.812
0.261 0.724 0.837 0.211 0.444
0.007 0.984 0.189 0.496 0.547
0.245 0.265 0.047 0.392 0.310
0.569 0.923 0.091 0.172 0.027
0.722 0.837 0.429 0.234 0.949
0.387 0.709 0.609 0.588 0.348
0.436 0.291 0.344 0.174 0.946
0.172 0.317 0.563 0.583 0.393
0.761 0.743 0.751 0.613 0.710
0.517 0.085 0.370 0.683 0.858
0.813 0.888 0.372 0.228 0.135
0.769 0.215 0.812 0.908 0.088
0.025 0.306 0.236 0.568 0.365
0.947 0.624 0.661 0.242 0.024
0.181 0.557 0.738 0.192 0.007
0.392 0.643 0.532 0.292 0.144
0.798 0.447 0.851 0.041 0.821
0.171 0.767 0.595 0.109 0.869
0.618 0.743 0.561 0.064 0.217
0.952 0.213 0.383 0.192 0.570
0.111 0.440 0.758 0.140 0.058
0.988 0.953 0.875 0.554 0.368
0.247 0.015 0.136 0.656 0.884
0.294 0.562 0.852 0.511 0.359
0.736 0.919 0.697 0.545 0.069
0.472 0.665 0.071 0.985 0.431
0.186 0.386 0.648 0.023 0.873
0.058 0.566 0.097 0.288 0.384
0.625 0.829 0.140 0.591 0.300
0.563 0.574 0.353 0.214 0.683
0.993 0.114 0.974 0.154 0.137
0.601 0.217 0.601 0.138 0.770
0.100 0.557 0.113 0.358 0.061
0.838 0.450 0.146 0.498 0.833
0.287 0.027 0.220 0.845 0.891
0.988 0.871 0.561 0.529 0.120
0.297 0.114 0.197 0.897 0.778
0.189 0.015 0.016 0.305 0.114
0.442 0.249 0.674 0.900 0.466
0.927 0.937 0.738 0.821 0.852
0.917 0.574 0.874 0.684 0.849
0.969 0.249 0.090 0.900 0.639
0.438 0.240 0.255 0.699 0.625
0.561 0.735 0.907 0.681 0.003
0.356 0.896 0.859 0.458 0.131
0.683 0.975 0.394 0.396 0.555
0.015 0.201 0.387 0.733 0.941
0.240 0.379 0.135 0.149 0.070
0.652 0.916 0.453 0.900 0.733
0.408 0.716 0.851 0.872 0.557
0.213 0.241 0.448 0.926 0.627
0.735 0.075 0.867 0.122 0.843
0.488 0.537 0.297 0.992 0.911
0.978 0.922 0.070 0.497 0.652
0.310 0.155 0.601 0.421 0.824
0.877 0.098 0.190 0.512 0.733
0.711 0.094 0.107 0.487 0.303
0.406 0.661 0.698 0.408 0.057
0.897 0.318 0.842 0.037 0.961
0.255 0.105 0.702 0.613 0.779
0.420 0.457 0.091 0.642 0.668
0.127 0.782 0.835 0.216 0.786
0.567 0.978 0.573 0.777 0.225
0.438 0.125 0.136 0.537 0.391
0.696 0.664 0.807 0.239 0.566
0.452 0.366 0.955 0.635 0.741
0.243 0.183 0.859 0.620 0.593
0.167 0.721 0.233 0.675 0.871
0.475 0.796 0.119 0.984 0.135
0.012 0.995 0.836 0.684 0.141
0.719 0.670 0.792 0.308 0.135
0.083 0.399 0.412 0.231 0.946
0.892 0.344 0.797 0.543 0.230
0.090 0.009 0.217 0.311 0.694
0.349 0.319 0.062 0.988 0.500
0.861 0.236 0.447 0.851 0.837
0.657 0.544 0.031 0.847 0.697
0.476 0.448 0.299 0.104 0.215
0.169 0.174 0.924 0.395 0.585
0.057 0.116 0.695 0.229 0.902
0.672 0.007 0.782 0.790 0.483
0.865 0.803 0.757 0.931 0.319
0.934 0.612 0.212 0.694 0.391
0.582 0.685 0.432 0.358 0.487
0.126 0.521 0.481 0.134 0.621
0.882 0.064 0.589 0.978 0.401
0.691 0.969 0.958 0.241 0.971
0.476 0.342 0.476 0.800 0.436
0.799 0.045 0.036 0.213 0.844
0.545 0.785 0.025 0.667 0.369
0.528 0.816 0.483 0.284 0.198
0.570 0.140 0.613 0.911 0.656
0.118 0.803 0.486 0.067 0.742
0.318 0.062 0.695 0.362 0.480
0.100 0.113 0.497 0.070 0.798
0.684 0.464 0.275 0.495 0.206
0.810 0.822 0.934 0.702 0.922
0.947 0.366 0.432 0.589 0.192
0.342 0.666 0.891 0.882 0.708
0.267 0.754 0.547 0.735 0.688
0.662 0.461 0.570 0.524 0.565
0.958 0.154 0.416 0.738 0.168
0.578 0.677 0.407 0.322 0.371
0.726 0.314 0.877 0.588 0.080
0.955 0.233 0.684 0.399 0.168
0.007 0.057 0.827 0.877 0.408
0.840 0.670 0.277 0.490 0.999
0.265 0.485 0.743 0.031 0.764
0.668 0.737 0.592 0.405 0.993
0.304 0.211 0.809 0.305 0.051
0.815 0.736 0.289 0.834 0.198
0.746 0.044 0.181 0.694 0.207
0.390 0.581 0.277 0.124 0.940
0.939 0.011 0.364 0.983 0.516
0.289 0.901 0.433 0.101 0.573
0.911 0.713 0.261 0.416 0.636
0.216 0.001 0.386 0.191 0.132
0.292 0.146 0.694 0.804 0.544
0.338 0.337 0.460 0.227 0.132
0.354 0.099 0.545 0.231 0.110
0.585 0.275 0.924 0.934 0.477
0.611 0.265 0.666 0.943 0.160
0.793 0.326 0.193 0.997 0.318
0.758 0.198 0.080 0.117 0.558
0.133 0.127 0.626 0.137 0.887
0.525 0.061 0.277 0.195 0.720
0.701 0.139 0.426 0.018 0.512
0.261 0.841 0.726 0.594 0.725
0.154 0.087 0.506 0.357 0.604
0.488 0.843 0.473 0.305 0.058
0.597 0.471 0.577 0.848 0.708
0.277 0.095 0.453 0.923 0.475
0.185 0.122 0.545 0.756 0.303
0.088 0.903 0.180 0.756 0.139
0.402 0.629 0.034 0.166 0.830
0.739 0.689 0.789 0.203 0.555
0.556 0.950 0.789 0.114 0.259
0.767 0.106 0.197 0.377 0.817
0.663 0.490 0.320 0.459 0.881
0.516 0.980 0.768 0.170 0.755
0.474 0.150 0.415 0.537 0.854
0.708 0.164 0.435 0.463 0.020
0.688 0.104 0.765 0.059 0.684
0.709 0.835 0.586 0.813 0.376
0.387 0.535 0.450 0.376 0.164
0.560 0.990 0.056 0.744 0.126
0.803 0.921 0.361 0.299 0.478
0.623 0.088 0.621 0.289 0.037
0.860 0.297 0.923 0.062 0.145
0.240 0.383 0.244 0.710 0.397
0.644 0.844 0.884 0.171 0.054
0.491 0.871 0.685 0.730 0.169
0.215 0.107 0.158 0.846 0.228
0.235 0.031 0.716 0.277 0.070
0.876 0.683 0.135 0.166 0.412
0.408 0.233 0.117 0.671 0.970
0.501 0.688 0.844 0.951 0.723
0.715 0.486 0.550 0.710 0.090
0.199 0.139 0.393 0.881 0.152
0.542 0.921 0.844 0.835 0.192
0.152 0.379 0.245 0.238 0.516
0.294 0.328 0.623 0.073 0.554
0.834 0.126 0.744 0.591 0.935
0.384 0.103 0.615 0.876 0.921
0.841 0.838 0.652 0.315 0.974
0.438 0.209 0.725 0.159 0.628
0.950 0.116 0.001 0.192 0.374
0.710 0.097 0.407 0.550 0.383
0.648 0.376 0.732 0.932 0.860
0.380 0.823 0.434 0.054 0.063
0.614 0.171 0.333 0.867 0.666
0.942 0.897 0.428 0.456 0.925
0.618 0.326 0.963 0.631 0.284
0.877 0.156 0.926 0.995 0.481
0.956 0.522 0.557 0.335 0.121
0.818 0.365 0.231 0.145 0.508
0.185 0.521 0.728 0.867 0.447
0.297 0.555 0.243 0.154 0.263
0.170 0.847 0.270 0.795 0.466
0.603 0.507 0.190 0.912 0.455
0.743 0.176 0.961 0.230 0.947
0.336 0.223 0.915 0.333 0.212
0.879 0.902 0.674 0.508 0.518
0.623 0.153 0.999 0.033 0.741
0.844 0.455 0.474 0.979 0.970
0.133 0.783 0.512 0.332 0.172
0.146 0.778 0.943 0.525 0.308
0.513 0.698 0.899 0.548 0.787
0.109 0.543 0.189 0.815 0.515
0.633 0.443 0.395 0.908 0.408
0.132 0.846 0.481 0.214 0.284
0.458 0.289 0.053 0.945 0.591
0.954 0.315 0.554 0.715 0.164
0.878 0.108 0.891 0.845 0.884
0.967 0.417 0.265 0.092 0.533
0.614 0.006 0.871 0.254 0.034
0.683 0.583 0.364 0.679 0.547
0.293 0.503 0.173 0.609 0.515
0.924 0.220 0.714 0.966 0.286
0.095 0.093 0.084 0.131 0.356
0.267 0.461 0.030 0.444 0.822
0.126 0.012 0.351 0.497 0.103
0.375 0.078 0.229 0.523 0.141
0.153 0.298 0.080 0.472 0.131
0.451 0.597 0.104 0.568 0.967
0.982 0.450 0.680 0.933 0.933
0.343 0.574 0.615 0.325 0.538
0.644 0.702 0.315 0.977 0.534
0.378 0.892 0.540 0.805 0.612
0.730 0.434 0.303 0.823 0.948
0.659 0.066 0.068 0.622 0.011
0.482 0.202 0.641 0.876 0.338
0.051 0.843 0.701 0.341 0.488
0.170 0.367 0.672 0.446 0.980
0.875 0.138 0.329 0.520 0.675
0.528 0.978 0.022 0.690 0.860
0.343 0.843 0.614 0.296 0.278
0.535 0.292 0.631 0.409 0.799
0.120 0.463 0.881 0.798 0.186
0.285 0.872 0.409 0.536 0.040
0.174 0.597 0.358 0.872 0.807
0.265 0.032 0.143 0.584 0.600
0.002 0.089 0.775 0.135 0.157
0.838 0.555 0.528 0.940 0.898
0.700 0.292 0.727 0.652 0.072
0.540 0.100 0.823 0.813 0.140
0.531 0.359 0.795 0.543 0.630
0.700 0.793 0.940 0.573 0.928
0.070 0.354 0.515 0.860 0.530
0.707 0.830 0.766 0.362 0.917
0.773 0.018 0.172 0.601 0.735
0.627 0.884 0.003 0.603 0.363
0.353 0.371 0.873 0.819 0.473
0.103 0.055 0.605 0.781 0.669
0.606 0.591 0.983 0.434 0.100
0.980 0.574 0.304 0.592 0.823
0.741 0.266 0.163 0.473 0.029
0.752 0.439 0.406 0.844 0.004
0.502 0.757 0.708 0.482 0.944
0.929 0.337 0.718 0.005 0.604
0.027 0.921 0.663 0.565 0.551
0.060 0.261 0.774 0.732 0.128
0.763 0.278 0.147 0.767 0.008
0.634 0.950 0.480 0.396 0.725
0.640 0.181 0.294 0.008 0.700
0.953 0.054 0.497 0.441 0.483
0.965 0.017 0.037 0.794 0.641
0.560 0.709 0.584 0.309 0.912
0.241 0.677 0.224 0.039 0.537
0.861 0.966 0.150 0.706 0.631
0.685 0.716 0.271 0.181 0.452
0.222 0.435 0.330 0.763 0.872
0.979 0.905 0.884 0.982 0.313
0.548 0.180 0.358 0.372 0.807
0.767 0.486 0.561 0.847 0.858
0.014 0.707 0.117 0.931 0.590
0.028 0.819 0.418 0.823 0.450
0.100 0.970 0.813 0.237 0.443
0.454 0.422 0.744 0.897 0.780
0.224 0.345 0.383 0.300 0.861
0.962 0.542 0.043 0.345 0.425
0.273 0.253 0.719 0.877 0.356
0.756 0.336 0.725 0.339 0.494
0.980 0.250 0.168 0.147 0.957
0.827 0.880 0.155 0.276 0.844
0.034 0.589 0.068 0.856 0.472
0.283 0.390 0.178 0.423 0.342
0.669 0.149 0.924 0.643 0.140
0.530 0.032 0.236 0.725 0.055
0.317 0.611 0.034 0.004 0.691
0.634 0.295 0.755 0.702 0.607
0.306 0.660 0.051 0.271 0.710
0.291 0.250 0.809 0.232 0.024
0.975 0.830 0.800 0.187 0.946
0.107 0.843 0.498 0.849 0.335
0.439 0.339 0.124 0.525 0.412
0.455 0.241 0.717 0.890 0.077
0.415 0.586 0.361 0.057 0.596
0.160 0.728 0.564 0.936 0.337
0.440 0.083 0.922 0.051 0.321
0.932 0.762 0.013 0.333 0.299
0.647 0.658 0.147 0.832 0.027
0.558 0.051 0.156 0.086 0.864
0.428 0.292 0.193 0.477 0.756
0.852 0.227 0.569 0.854 0.051
0.322 0.740 0.877 0.039 0.755
0.591 0.384 0.779 0.411 0.717
0.667 0.723 0.520 0.186 0.396
0.841 0.101 0.357 0.567 0.118
0.890 0.509 0.673 0.515 0.341
0.094 0.004 0.519 0.670 0.639
0.988 0.831 0.806 0.191 0.516
0.456 0.540 0.993 0.292 0.426
0.146 0.508 0.313 0.671 0.197
0.248 0.756 0.091 0.384 0.902
0.678 0.710 0.642 0.094 0.171
0.915 0.020 0.750 0.805 0.157
0.313 0.444 0.464 0.182 0.666
0.293 0.988 0.796 0.988 0.924
0.324 0.429 0.276 0.803 0.260
0.240 0.664 0.753 0.206 0.346
0.283 0.766 0.877 0.809 0.850
0.363 0.207 0.390 0.214 0.578
0.277 0.697 0.962 0.346 0.570
0.319 0.605 0.466 0.381 0.700
0.764 0.585 0.818 0.013 0.267
0.596 0.377 0.061 0.045 0.662
0.780 0.274 0.234 0.622 0.357
0.200 0.976 0.894 0.003 0.501
0.951 0.107 0.445 0.365 0.837
0.591 0.309 0.394 0.520 0.576
0.285 0.507 0.050 0.382 0.497
0.120 0.078 0.153 0.027 0.886
0.722 0.722 0.458 0.570 0.610
0.004 0.181 0.220 0.128 0.898
0.179 0.650 0.772 0.075 0.974
0.397 0.828 0.167 0.420 0.735
0.543 0.827 0.092 0.032 0.362
0.839 0.052 0.720 0.761 0.956
0.926 0.423 0.717 0.438 0.306
0.319 0.872 0.315 0.705 0.668
0.996 0.253 0.451 0.515 0.453
0.509 0.155 0.997 0.993 0.904
0.646 0.339 0.322 0.886 0.542
0.590 0.612 0.760 0.966 0.368
0.306 0.904 0.249 0.425 0.313
0.304 0.868 0.616 0.985 0.086
0.255 0.943 0.040 0.794 0.590
0.726 0.972 0.040 0.142 0.551
0.311 0.829 0.243 0.617 0.550
0.272 0.523 0.267 0.420 0.649
0.596 0.002 0.734 0.755 0.998
0.028 0.933 0.278 0.808 0.435
0.067 0.482 0.043 0.452 0.931
0.857 0.623 0.798 0.727 0.478
0.436 0.090 0.681 0.765 0.756
0.387 0.748 0.990 0.118 0.451
0.678 0.370 0.502 0.009 0.441
0.825 0.606 0.334 0.265 0.512
0.804 0.748 0.302 0.065 0.345
0.253 0.238 0.066 0.288 0.311
0.011 0.632 0.617 0.998 0.171
0.187 0.029 0.115 0.302 0.411
0.902 0.599 0.366 0.067 0.028
0.522 0.795 0.933 0.802 0.250
0.636 0.328 0.683 0.890 0.095
0.802 0.924 0.960 0.365 0.375
0.739 0.342 0.729 0.379 0.338
0.977 0.527 0.321 0.474 0.409
0.738 0.409 0.491 0.266 0.611
0.325 0.125 0.979 0.980 0.596
0.715 0.577 0.643 0.447 0.821
0.180 0.478 0.320 0.699 0.888
0.742 0.355 0.499 0.143 0.368
0.989 0.550 0.259 0.915 0.500
0.587 0.766 0.259 0.744 0.339
0.378 0.005 0.588 0.438 0.929
0.089 0.481 0.243 0.344 0.024
0.464 0.778 0.788 0.771 0.419
0.670 0.457 0.264 0.737 0.663
0.074 0.214 0.697 0.995 0.068
0.925 0.764 0.716 0.559 0.527
0.696 0.787 0.759 0.166 0.821
0.629 0.090 0.472 0.092 0.657
0.395 0.786 0.577 0.192 0.852
0.484 0.830 0.093 0.834 0.975
0.201 0.355 0.783 0.826 0.517
0.939 0.328 0.827 0.714 0.077
0.285 0.692 0.948 0.361 0.898
0.552 0.428 0.959 0.648 0.327
0.726 0.461 0.227 0.582 0.566
0.922 0.849 0.480 0.221 0.899
0.841 0.011 0.416 0.431 0.637
0.755 0.323 0.155 0.631 0.062
0.616 0.019 0.054 0.678 0.719
0.315 0.985 0.523 0.417 0.116
0.818 0.547 0.661 0.509 0.079
0.334 0.018 0.438 0.212 0.377
0.460 0.370 0.100 0.787 0.329
0.431 0.401 0.511 0.164 0.163
0.444 0.004 0.747 0.541 0.338
0.714 0.151 0.438 0.173 0.658
0.810 0.295 0.650 0.816 0.609
0.356 0.263 0.113 0.806 0.462
0.195 0.208 0.121 0.059 0.431
0.435 0.708 0.787 0.172 0.784
0.836 0.711 0.574 0.950 0.007
0.062 0.957 0.115 0.941 0.093
0.113 0.314 0.315 0.526 0.082
0.950 0.408 0.877 0.757 0.262
0.816 0.860 0.999 0.330 0.243
0.966 0.504 0.493 0.929 0.272
0.554 0.916 0.705 0.513 0.879
0.382 0.764 0.432 0.327 0.316
0.222 0.519 0.720 0.445 0.238
0.254 0.245 0.493 0.969 0.122
0.039 0.771 0.925 0.786 0.129
0.575 0.339 0.956 0.740 0.844
0.017 0.711 0.096 0.618 0.778
0.232 0.227 0.459 0.960 0.205
0.954 0.151 0.703 0.381 0.204
0.660 0.646 0.168 0.022 0.565
0.474 0.427 0.174 0.907 0.229
0.070 0.024 0.664 0.656 0.440
0.455 0.903 0.937 0.926 0.967
0.940 0.023 0.719 0.715 0.772
0.463 0.149 0.172 0.390 0.045
0.562 0.340 0.538 0.785 0.279
0.852 0.953 0.821 0.777 0.151
0.087 0.517 0.862 0.914 0.862
0.682 0.289 0.263 0.055 0.132
0.950 0.889 0.491 0.941 0.494
0.121 0.346 0.669 0.017 0.142
0.519 0.503 0.215 0.995 0.196
0.745 0.253 0.785 0.457 0.320
0.413 0.471 0.004 0.004 0.522
0.949 0.882 0.907 0.013 0.728
0.348 0.316 0.474 0.317 0.911
0.388 0.486 0.627 0.887 0.354
0.563 0.090 0.769 0.803 0.062
0.900 0.095 0.373 0.982 0.789
0.484 0.640 0.696 0.981 0.006
0.306 0.764 0.558 0.046 0.829
0.179 0.257 0.426 0.511 0.553
0.869 0.587 0.646 0.014 0.771
0.288 0.779 0.808 0.804 0.406
0.280 0.936 0.678 0.108 0.438
0.423 0.304 0.895 0.006 0.213
0.967 0.717 0.666 0.044 0.072
0.692 0.214 0.089 0.254 0.719
0.339 0.562 0.010 0.625 0.743
0.024 0.666 0.376 0.040 0.555
0.375 0.254 0.259 0.587 0.114
0.835 0.050 0.671 0.050 0.095
0.642 0.141 0.483 0.916 0.433
0.206 0.592 0.831 0.606 0.699
0.517 0.885 0.560 0.398 0.978
0.069 0.026 0.575 0.456 0.914
0.672 0.160 0.193 0.483 0.693
0.721 0.684 0.161 0.319 0.286
0.079 0.385 0.472 0.856 0.944
0.664 0.791 0.370 0.104 0.050
0.084 0.793 0.892 0.493 0.866
0.934 0.968 0.371 0.980 0.576
0.035 0.854 0.500 0.542 0.186
0.642 0.040 0.306 0.324 0.075
0.276 0.881 