0.476 1.247 0.439 1.655 1.932
1.462 1.555 0.456 1.755 1.461
0.788 1.014 0.610 1.942 1.862
1.540 1.267 0.519 0.837 1.611
0.336 1.724 1.575 1.096 0.860
1.895 1.004 0.523 1.102 1.551
0.388 1.904 1.930 1.505 1.704
1.261 1.037 1.927 0.821 1.445
1.924 0.633 1.331 1.172 0.700
1.608 1.387 1.931 1.007 1.945
0.704 1.926 1.794 1.889 0.951
0.349 0.867 1.610 1.852 1.204
0.802 1.597 0.670 1.854 1.313
0.985 1.072 0.803 1.742 1.430
0.364 1.920 0.777 1.721 1.668
1.806 1.047 1.722 1.552 1.442
0.575 1.887 0.455 1.178 1.268
1.452 1.486 1.034 1.512 1.167
0.923 1.265 0.763 1.722 1.261
1.198 1.868 1.877 1.337 0.739
1.911 0.709 1.504 0.455 1.179
1.355 1.484 0.959 0.844 0.800
1.203 0.609 1.347 1.646 0.518
0.454 0.417 0.761 0.705 0.406
1.997 1.195 0.442 0.672 1.876
1.141 1.919 0.921 0.780 1.979
1.842 1.531 1.148 1.602 0.930
1.434 1.374 0.947 0.595 0.744
1.024 0.869 1.906 1.630 0.712
1.703 1.316 1.298 0.991 0.487
1.639 1.390 0.699 1.137 0.426
1.883 1.840 0.602 1.136 1.499
1.762 1.105 0.472 0.489 0.940
1.425 1.081 0.703 1.015 0.692
1.050 1.801 1.166 1.111 1.758
1.622 1.544 1.663 0.464 1.108
1.855 1.207 1.748 1.770 1.410
1.802 0.997 1.186 0.619 1.240
1.837 1.357 1.400 1.245 1.064
0.712 1.888 1.099 0.937 1.637
0.948 0.672 1.306 1.499 1.838
1.932 1.287 1.294 0.416 0.626
0.396 0.603 1.423 1.736 0.588
0.468 1.660 1.670 1.770 0.437
1.319 0.517 0.820 0.760 0.914
0.472 1.237 0.434 1.348 0.355
0.569 1.630 1.739 0.697 0.835
0.891 0.673 1.105 1.440 0.704
1.237 1.304 1.392 1.723 0.508
1.216 1.234 0.907 1.456 1.948
1.656 0.897 1.474 1.910 1.946
1.105 1.667 0.600 0.631 1.125
1.493 1.703 1.099 0.661 0.955
0.568 1.798 0.422 0.534 0.339
1.979 0.433 0.971 1.212 1.702
0.934 0.599 1.616 0.452 1.453
0.766 0.367 0.758 0.807 1.426
1.685 1.416 1.304 1.087 1.922
1.239 1.011 1.131 1.468 1.749
1.947 0.862 0.755 1.145 1.046
1.436 0.588 1.967 1.509 0.765
0.964 1.413 1.286 0.876 0.648
0.951 1.275 0.764 0.410 1.003
1.720 1.442 1.086 1.795 1.250
0.682 1.707 1.480 0.672 1.255
1.252 0.634 1.348 1.536 1.828
1.464 0.768 1.205 1.118 0.666
0.745 0.843 1.294 1.736 1.560
0.645 1.774 0.721 1.628 0.481
0.944 0.540 1.914 0.928 0.606
1.454 0.701 1.130 1.437 0.698
0.727 1.034 1.478 0.976 0.517
1.064 0.967 0.579 1.595 1.564
0.655 0.519 1.498 0.799 0.512
1.372 0.822 0.530 1.286 1.123
0.873 0.544 1.277 1.871 1.886
1.383 1.343 1.096 1.906 1.123
1.133 0.734 1.600 0.863 0.350
1.066 0.471 1.154 0.555 1.565
1.912 1.296 0.615 0.557 1.508
1.986 0.701 1.633 1.734 0.738
0.809 0.391 1.595 0.666 1.625
0.415 1.935 1.438 1.774 0.695
0.993 1.623 0.762 1.253 0.373
0.850 1.561 1.310 0.576 1.500
0.531 1.508 0.931 1.497 0.415
1.873 1.156 1.981 1.004 1.978
0.947 1.415 1.887 0.885 1.460
0.885 0.669 1.809 1.825 0.650
1.610 1.858 1.432 0.545 0.398
0.495 1.384 1.371 0.756 1.691
1.285 1.230 1.144 0.693 1.901
1.238 1.544 1.862 0.470 1.137
1.316 0.963 1.575 1.749 0.984
1.764 1.159 1.550 1.855 1.300
0.862 0.377 1.068 0.598 1.247
1.174 0.790 1.425 0.580 0.721
0.740 1.317 0.619 0.767 1.136
0.533 0.728 1.983 0.370 0.538
1.547 1.221 1.408 0.945 1.087
1.154 1.569 0.409 1.107 0.395
1.787 1.885 1.725 1.729 0.560
0.526 0.652 1.017 1.028 1.654
1.947 1.502 0.437 1.715 1.077
0.777 1.336 1.913 1.676 0.752
1.375 0.594 1.397 1.125 0.456
1.532 1.286 0.875 1.618 0.920
1.882 1.696 0.689 1.199 1.380
0.616 0.801 1.459 1.766 1.055
1.610 0.423 1.034 0.775 0.937
0.543 1.950 1.537 0.339 0.628
1.828 0.373 0.803 1.227 1.862
1.340 1.988 1.788 0.364 1.010
1.531 1.379 1.753 0.836 1.634
0.489 0.742 1.535 1.660 1.779
0.409 0.424 1.273 1.022 0.545
0.615 1.953 0.721 0.390 1.039
0.603 1.558 0.952 1.814 0.720
0.698 1.627 0.502 0.923 1.183
0.377 1.275 0.802 1.515 1.296
0.970 1.841 0.670 1.423 1.777
1.438 1.209 1.651 1.504 0.896
1.945 1.364 0.760 0.363 1.642
1.235 1.863 1.623 1.605 1.793
1.930 1.833 0.989 1.975 0.698
1.017 0.963 1.810 0.528 1.768
0.794 1.751 1.757 1.067 0.466
1.226 1.053 1.555 0.669 0.780
0.434 1.160 1.802 0.652 1.673
0.840 0.804 0.571 1.786 1.867
1.371 0.775 1.630 1.716 1.195
1.291 1.513 1.063 0.935 1.879
1.705 0.449 1.921 0.465 1.847
0.407 1.631 1.727 1.533 1.653
0.886 1.346 1.363 0.624 1.313
0.362 1.349 1.894 0.853 1.389
1.480 1.113 0.587 0.790 1.126
1.795 1.347 1.658 1.168 1.506
1.668 1.593 0.503 1.127 1.431
1.757 1.795 1.516 1.256 1.269
1.636 1.790 1.419 1.963 1.135
0.879 0.719 1.178 0.881 0.665
0.378 1.322 0.958 1.552 0.634
1.071 0.599 1.409 1.643 0.860
1.399 1.477 0.448 1.565 1.154
1.351 0.690 1.526 0.707 1.246
1.158 1.711 1.908 1.709 1.767
1.858 1.043 0.459 0.943 1.863
0.437 1.466 1.794 0.793 1.438
0.961 0.804 0.810 1.280 0.629
0.432 1.471 1.099 1.245 0.978
1.565 0.944 0.689 0.652 0.615
1.651 1.700 1.022 0.590 1.309
0.527 1.228 1.833 0.672 0.832
1.830 0.691 0.654 1.410 1.303
1.590 0.959 1.303 1.645 1.533
1.950 1.813 0.945 0.367 0.364
1.746 1.829 0.503 1.814 1.560
0.360 1.918 0.808 0.702 1.954
0.368 0.587 1.845 0.841 0.647
0.495 1.139 0.812 0.636 1.116
1.454 0.938 0.847 0.408 1.068
0.398 1.553 0.858 1.598 1.783
1.976 1.627 1.199 1.979 1.813
0.715 0.490 0.871 1.243 0.383
1.016 0.459 1.426 1.071 0.931
0.741 1.819 1.545 1.689 1.984
1.633 0.917 1.192 1.029 0.449
1.634 1.370 1.843 0.841 1.380
1.621 1.146 1.959 1.212 0.476
1.763 0.938 0.378 1.442 1.255
1.925 1.920 1.652 1.156 0.479
0.543 0.663 1.273 0.839 0.511
1.195 0.596 1.601 1.305 0.729
1.410 1.852 0.980 0.796 1.229
1.314 1.443 1.339 1.487 1.292
1.300 0.551 0.908 1.548 0.500
1.239 1.690 1.517 1.713 1.254
1.594 1.075 1.197 1.219 1.180
1.132 1.914 1.104 1.299 1.205
0.410 1.312 1.391 1.319 1.563
0.662 0.954 0.875 1.685 1.260
1.241 0.782 0.648 0.360 1.985
0.517 1.014 0.396 1.956 0.569
1.626 1.899 0.798 1.168 1.344
1.846 1.212 0.445 0.696 0.334
1.802 0.712 1.722 1.370 1.792
0.569 0.969 0.697 1.002 1.200
0.706 1.585 1.979 0.980 0.722
1.759 0.948 1.652 0.774 1.038
0.366 1.822 1.996 1.654 1.585
1.123 0.872 1.384 1.484 0.976
1.900 0.435 1.956 0.588 1.320
1.311 0.749 1.186 1.035 1.799
1.451 0.942 0.733 1.279 0.972
0.866 0.581 1.553 1.414 1.499
1.663 1.905 1.431 1.489 1.627
0.880 1.615 0.454 0.452 0.875
0.920 1.586 0.762 1.161 1.573
0.848 0.517 0.392 1.588 1.099
1.379 0.887 0.411 1.019 0.370
0.880 0.842 1.928 0.516 0.610
1.036 0.570 1.438 0.432 0.617
0.943 1.521 0.620 1.529 1.659
1.162 1.578 0.441 0.438 1.555
1.463 0.342 0.826 0.587 0.687
1.122 1.487 1.681 1.160 0.696
1.987 1.096 0.732 1.297 1.012
1.093 1.731 1.621 1.650 0.342
1.922 1.178 0.499 0.709 1.397
1.845 1.133 1.196 1.750 1.578
1.371 1.842 0.896 1.488 1.024
1.244 1.456 1.698 0.767 1.045
1.108 1.934 1.828 0.848 1.298
1.279 1.903 0.963 1.264 1.331
1.857 1.452 0.794 1.418 1.942
0.813 0.774 1.925 0.494 1.316
0.496 0.492 0.706 0.495 1.443
0.848 0.380 1.204 0.612 1.991
0.661 1.113 0.609 1.404 0.819
1.354 0.560 1.531 0.674 1.739
1.140 0.636 1.786 1.450 0.589
0.688 1.469 1.043 1.323 1.033
1.668 0.735 0.376 0.754 1.121
1.114 1.425 1.365 0.618 0.827
1.592 1.550 1.015 1.262 0.774
1.975 1.822 0.880 1.831 0.913
1.436 1.636 1.316 0.347 1.732
1.808 1.048 0.811 1.384 1.933
0.677 1.478 0.714 1.732 0.428
1.532 0.954 0.873 1.490 1.336
1.014 1.851 0.655 0.764 1.703
0.886 0.875 0.448 0.990 0.731
1.985 1.473 0.849 1.185 0.983
1.741 1.666 0.396 0.622 1.249
0.545 1.160 1.999 0.499 0.406
1.366 1.277 1.204 0.583 1.444
1.022 1.399 1.915 0.863 1.253
1.236 1.613 0.424 0.691 1.326
0.550 0.498 1.773 0.591 1.376
1.036 1.841 0.423 1.629 1.829
1.049 1.364 1.886 1.452 1.542
0.905 1.563 1.929 0.649 1.380
0.893 0.342 1.631 1.947 0.342
1.534 0.496 1.584 1.381 1.140
1.604 0.993 